algorithm one
Run time is 0.000047 seconds
(27, 13, 100)
(13, 97, 100)
14
algorithm two
Run time is 0.000075
4639
algorithm three
Run time is 0.000047 seconds
(141, 93, 100)
(27, 20, 100)
114
0.000424861907959
algorithm four
Run time is 0.000072
-16981
0.000428915023804
[-933, 1211, -222, -1297, -1550, 1731, -216, -522, -447, -210, 1208, -1681, -577, 1792, 976, 987, -1089, -112, -20, -837, 21, -441, 982, -201, -103, 430, 1793, -1801, 1693, -1001, 1912, 868, -88, -360, -505, -59, -441, -217, -760, 1021, 109, 1216, 1888, -850, 1844, 1823, -1091, -1826, 277, -1904, 476, -334, -1605, -560, -60, 930, -1607, -1454, 196, -67, -260, -1404, 505, 1650, -1717, 1814, 1166, -1213, -1844, -1432, 658, 748, 1094, 1288, 0, -234, -1722, -427, 1062, -906, -47, -337, 850, 1815, 1720, -454, 1125, -1541, -292, 1168, -241, -1688, -1535, -1152, -1296, 398, -294, -1026, 996, 1137]
[-262, -1941, -1478, 1956, -412, 194, -221, 1954, -407, 1741, -1485, -1578, -1400, -1180, -1779, -993, 379, 1797, -806, 131, 746, -1023, 276, -1192, 1478, 1554, 930, 1558, -16, 317, -136, -99, -1256, -229, -1655, -898, -1992, 794, -80, 557, 1574, -1065, -1566, 47, -376, -526, -1995, -1858, -109, 1085, -1074, -1782, 747, 270, 1706, -1667, 225, 1167, -547, 358, 327, 771, -1090, -1166, 1977, -81, -1874, -1108, -122, -901, -1805, -1355, 295, 368, -128, 1746, 1794, 1942, -930, -1892, -1530, -1271, 1315, -299, -1824, 1017, 1738, 1157, 60, -357, -1567, 1069, 1808, -1937, 574, 995, -199, -301, -299, 613]
[-1905, 888, -1951, -439, 1680, 1761, 1046, -904, -1006, 596, 979, -904, 883, 1688, -118, -1064, -874, 1945, 1513, -295, 973, 1754, -1897, -383, 1459, -1943, -63, 664, -1787, 14, -1023, -1849, 107, 1796, 806, 865, 392, -1015, 114, -945, -1509, 1990, 1451, 1765, -1032, -1944, 1704, -1111, 500, 1716, -939, -445, -1733, -126, 1751, 820, -1680, -1968, -941, -1090, 185, -1735, 1452, -1801, 765, -967, -381, 1776, -1229, -1246, 317, 1254, -1417, -1851, 895, -1089, -1835, 1951, -1165, 966, -1474, -1026, -1495, -458, -1284, 1060, -53, -1176, 263, -349, -1231, 484, -1103, -1204, -552, -103, 1856, 571, 75, -502, 1321, 366, -344, -732, -1257, 1012, -880, -1949, 397, 1747, 1088, 1078, 162, 722, 103, 1451, -359, -775, -1770, 1731, 1246, 1479, -1656, -719, 804, -825, 363, 694, -1019, 1927, 115, -480, 508, -629, -1198, -1272, 1241, -1316, 1056, 808, 1903, -620, 311, -263, 1765, -1981, -862, -1692, -408, 951, 1562, -1253, -798, -443, -1414, -752, 78, 1667, 136, -1685, 1001, -888, -905, 180, -249, -17, 1964, 742, -686, -1973, -1291, 861, 438, 479, 1151, -1806, -704, 940, 418, -123, 1792, -1477, 1073, -1959, 197, 1973, 1599, -1688, -936, 115, -1649, -843, -75, 224, -1703, 1939, -837, -472, 1181, -1088]
algorithm one
Run time is 0.000042 seconds
(122, 56, 100)
(191, 99, 100)
-69
algorithm two
Run time is 0.000064
4242
algorithm three
Run time is 0.000049 seconds
(291, 19, 100)
(7, 65, 100)
284
0.000455856323242
algorithm four
Run time is 0.000071
-3758
0.000431060791016
[-566, -1662, -1960, 1089, 472, -1729, 1757, 553, 207, 778, -559, 655, 1955, -893, -1648, -1400, 923, 1675, 1538, -389, -1141, -92, 1021, -350, -817, -418, -1610, -1197, -1722, 1457, 1469, -302, 874, -1962, 1416, -213, -779, 1591, 961, 1111, 1499, -336, 1326, 791, 24, 1370, 1498, 14, -2, 1675, 673, 1299, 773, -1227, 1867, -1256, 1342, -1948, 1802, 26, 1991, 1289, 206, -526, 766, 103, 1494, -1947, -619, 1698, -853, -671, 1268, 731, -1152, -38, -255, -1146, 295, 1354, -1122, -1647, 193, -689, 1905, -1363, 474, -439, 280, -1288, 350, -1232, 515, -1472, -992, -1156, 1510, -1412, 778, 1719]
[928, 672, -977, 1737, -682, 103, 1448, -521, -981, 1351, -1602, -334, 1304, -1439, -1687, 936, 504, -791, 363, -163, 1056, 1944, 1954, 631, 1188, 835, -104, -1420, -681, -1437, 149, 1473, -857, 474, -1878, -401, -968, 1076, 1040, 281, -1132, 1642, -1471, -1551, -1997, 1521, 1642, -854, 931, 843, 295, -946, -1449, 430, 151, 1041, -1000, 1564, -1127, 594, 962, -638, 373, 1867, -1523, 872, 1271, -1630, -532, -1778, 1059, -1306, -1633, 1933, 1904, 134, 1404, -1649, -325, -131, -1158, 477, 1285, -1999, 896, 1147, -1452, -1859, 1981, -323, -1189, -1724, -201, -1597, 601, -537, -707, 375, -1380, 191]
[-1977, -74, 1349, 82, -1071, 455, -1818, 272, -1228, -839, -398, 1675, 1913, -1735, -1595, -1486, -424, -595, -1500, -1169, -1110, 217, -1801, 695, -1969, 1852, -1057, -1570, 651, -742, 1447, 1789, 778, -1778, -1173, 452, 1702, -1418, 881, -1704, -559, -1948, 343, -1169, -1527, 267, 1083, -547, 1954, -629, -1614, -966, 942, 1433, -310, 1977, 1572, -1148, -1028, 1731, 1222, -255, 1704, 1249, 603, 480, -208, 1437, 1446, -601, -212, 964, 1725, -987, -686, 723, -1426, 1036, 1708, 364, -825, 1061, 1002, 1307, 884, -1371, -405, -1785, 1384, 93, -1724, 796, 968, 1202, -1960, -1321, -1968, 1137, -1516, -1784, -780, -140, -49, -437, 913, -474, 1409, -70, -548, -1864, 614, 1796, 773, -1878, -1358, -687, -1174, 99, -133, 1674, 1024, 589, -906, 660, -579, 151, 1185, -1314, -1672, -1769, 1492, 1538, -162, 1790, 280, -1282, 3, 1598, 1733, -1224, 1663, -998, 1357, 25, 1084, 1747, -929, 393, -1734, 713, 787, 150, 998, -1228, -223, -764, -133, 515, -1586, -3, 1931, -964, -1324, 809, -825, -1392, -335, 1134, 45, 1528, 1134, -1639, -1898, -1028, 1853, 97, 405, -585, 867, 373, -245, -1285, -1927, -362, 1056, 1244, 1202, 1410, -139, -1012, 726, -1305, 587, 577, 794, -1260, 707, -1405, 1019, 746]
algorithm one
Run time is 0.000047 seconds
(55, 31, 100)
(20, 98, 100)
35
algorithm two
Run time is 0.000069
-8220
algorithm three
Run time is 0.000050 seconds
(31, 27, 100)
(8, 32, 100)
23
0.000416040420532
algorithm four
Run time is 0.000069
-53
0.000424146652222
[1161, -328, -1951, 689, 633, -360, 1270, 98, -1535, -61, 711, 1171, -358, 1104, 399, -513, -1370, 1952, -1487, -10, -1927, -954, 1009, 408, 1666, -1344, 1283, 979, 462, -96, -142, 936, -1176, 1500, -263, -1149, -84, 1171, 1998, 796, 1273, -165, 1820, -1933, 1820, 1149, -622, -1884, -1122, -1381, 991, -650, 1242, 1424, 955, 20, -570, -263, 1362, -108, 907, 628, -1933, -1063, -1484, 1969, 1524, 1895, -1186, 973, 583, -1728, 1044, -514, 3, -52, -1835, 1004, -906, 1281, -1532, -553, -1001, -314, -770, -1412, 1942, 745, -1966, 253, -494, -486, -834, -1097, 255, 796, -1918, 11, -25, 148]
[-1922, -451, -630, 1774, -1119, -1856, -1884, -511, 1364, -1913, 1359, -790, 1095, 858, -1332, 118, -1139, -1817, -832, -1630, -230, 9, 44, 418, -432, -1528, 1077, -1641, 1881, -136, 601, 826, 52, -1454, 1517, -1499, 1810, 592, -707, -197, 1485, -1715, -140, -874, -451, 1567, 1465, -21, -1206, -1672, -42, 1834, 370, -1639, 1138, 1838, 1072, -1523, 1326, -65, -1348, -1393, 1626, 1835, -1856, -1820, -1561, 141, -732, 410, 1518, 52, -468, -307, 1593, 1320, 871, 184, 541, -61, 794, 1702, 1470, 1634, -1142, 1795, 991, -691, -1781, -1382, 1603, 1327, -1576, 1569, 973, 406, -6, -1044, 1755, -1735]
[195, -924, -1010, -253, -1385, -807, 396, -1576, 920, -912, 924, 579, -1746, -365, -1032, -73, -1463, 1592, -1068, -1577, -836, 1206, -1011, 1510, 125, -1826, 84, -1771, -25, 1960, 972, -1942, 1064, -1504, 125, 427, 82, -281, -632, 1665, 1725, 1473, 4, 1121, -500, 1540, -1695, 1866, 242, -715, -1058, -1929, -1024, -74, 1537, 1113, 1153, -241, -1674, 827, 638, -1066, -438, -1677, 1260, 758, -1286, -915, -624, 1861, 218, -612, -855, -687, -986, 109, 587, 536, -1405, 1260, -655, -478, -185, -12, -1202, -503, 750, 1664, 972, 203, -799, -1292, 1417, 268, 1923, 1632, 288, -1050, -1707, -1772, 556, 855, 1184, 1111, 377, 683, 288, -1593, 1298, 315, -1916, 681, 1278, 1534, -295, -77, -1295, -53, -869, -837, 1961, -705, -1829, 1204, 589, -1177, 386, 69, 1887, -807, 884, 1052, -1790, 316, 1660, 1603, -54, -846, -1351, -1243, -1955, 101, -1077, 1774, -904, -1765, 670, -1127, 613, 1882, 1918, 770, -1415, -550, 998, 1918, 70, -1075, 349, -1640, -1066, 1432, -1490, 257, -1513, -1196, -1827, 806, -473, -1685, -267, 752, 278, -914, -1303, 1932, -1112, 1859, -1857, -742, -1946, 1395, 1102, 1699, 12, -1173, 275, 611, -1446, -1524, -1141, 370, -1960, 639, 1758, -1981, -459, -1280, -1917, 1244]
algorithm one
Run time is 0.000042 seconds
(333, 82, 100)
(308, 98, 100)
25
algorithm two
Run time is 0.000064
19306
algorithm three
Run time is 0.000045 seconds
(26, 37, 100)
(83, 3, 100)
-57
0.000409126281738
algorithm four
Run time is 0.000067
-1211
0.000426054000854
[-1098, -403, 1296, -1673, 1468, 817, -806, 353, -1113, 735, -1601, 1886, 1843, -284, 578, -1110, 14, -573, 1887, 209, 1886, 1376, -100, -1050, 6, 418, -1665, 1812, -89, 1436, -576, 931, 1450, 283, -1652, 78, -549, 664, 287, -1667, -1632, -1037, 2, 1679, 1926, 1505, 1950, -232, -1722, 110, 990, -443, 594, 418, 1083, -1203, -1213, -1140, 1486, 1139, 974, 1259, -45, -858, 109, -736, -306, 110, 1331, -93, 737, 1435, -1059, 248, 669, 1057, 1858, -988, 397, 760, 1896, -681, -532, 1867, 1246, 100, -1983, -1866, -1339, -1404, 477, 1893, 431, -942, 1769, -1433, 387, 1146, -117, 633]
[-942, -1667, -1070, 263, -760, -1708, -1105, 1260, -210, 85, 765, -1164, 980, -447, -1334, 779, -1543, -1021, -23, -767, -840, -53, 795, -1751, 43, -521, 736, 472, 1369, -1126, -352, -605, -226, 430, -991, -1464, 82, 957, 542, -998, -528, 515, 1252, 17, -227, -1357, -1279, -96, 1067, 343, -1013, 562, 1269, -1991, -864, -940, -1519, -1101, -1348, 1289, -481, -1031, 491, -1173, 897, -1892, -790, -1310, -666, -280, 1735, -563, -816, -375, 643, -696, 837, 1654, -497, 337, 1035, -1626, -1182, 987, -90, 1557, -1501, 717, -1770, 1620, 1, -21, 253, 1812, 229, 1708, -1753, -883, -1139, 1447]
[920, 1492, -1347, 1696, 1926, -1060, 79, 1478, 1731, 1311, 1929, 472, 1817, -1864, 1217, -78, -387, 889, 1375, 1912, -1936, -1285, 367, -1501, -348, -1775, -606, 1298, 1308, 1252, -1923, -913, -221, 1369, 343, -798, -1187, 1125, -1480, -37, -1578, -1566, 1495, 880, -379, 1028, 1517, -17, -666, -1016, 615, -490, 56, -782, 1375, 143, 668, -333, -1915, -569, 241, -1080, -1042, 916, -1651, -1452, 1155, -104, 347, -1650, -878, -84, -1618, -40, 1106, -1605, -315, 125, -1145, 878, -273, 298, 644, 1686, -1344, 872, 114, 889, 1991, 1359, -1163, -81, 1027, -1871, 772, 528, 1932, -117, 1583, 1002, -1207, 178, 1229, -1957, -297, 1380, -1016, -1379, -1371, -879, 1334, 1038, 107, -1238, 806, 1438, -742, 1330, 189, 787, -1050, 1074, -1369, -1623, 1229, 1636, 629, -1437, -1842, 1865, 1811, 620, 1651, 164, -1898, 787, -1231, 618, 1427, -1762, 1766, -1194, -1262, 759, 1976, 529, -924, -1285, -647, 393, -852, 714, 637, -1734, -1657, -980, 1455, 1110, 1862, -9, -1126, 1378, 1416, 8, -1506, 775, -1346, 1454, -1042, -1371, 321, -858, -409, -1458, -131, 1544, -1411, 1729, -1467, -708, -859, 440, 98, 1765, 399, 116, -925, -53, -452, 1893, 1564, 1655, 1914, -701, -1425, -1621, -1369, -374, 258, 1416]
algorithm one
Run time is 0.000041 seconds
(240, 30, 100)
(286, 99, 100)
-46
algorithm two
Run time is 0.000066
-6038
algorithm three
Run time is 0.000046 seconds
(40, 4, 100)
(60, 57, 100)
-20
0.000410079956055
algorithm four
Run time is 0.000069
2007
0.000424861907959
[-828, 1055, -171, -597, -354, -1087, 279, -776, 1033, -736, -863, 1770, -916, 1220, 11, 148, -380, -613, 1411, -1778, 85, -1501, -475, 1715, 482, -1356, -1080, -1143, 356, -1246, 767, 1617, 607, -134, 626, 1363, 1062, -1027, 1214, -627, 605, 149, -29, 1079, -1318, -768, 1878, 339, -1210, 1373, 1583, -801, -1786, 693, 407, 505, -1811, 1005, 714, 1174, -274, -716, 499, -1894, -678, -1810, -1518, 647, -1238, 255, 922, -882, -563, 1022, -732, 56, -1565, 1329, 1973, -1554, -1186, 1669, 753, 314, -1265, 138, 746, 1625, -557, 1931, 75, -1489, 857, -172, -1951, -603, -760, -1832, 1334, -1915]
[-1177, 552, -675, -972, -1028, 1123, -220, 1652, 75, -1528, -682, 1589, -1526, -1235, 1422, 1958, -1612, 622, -434, 169, -813, -191, -1949, -1533, -1302, -327, -1987, -425, 476, -1747, -362, 372, -1024, -1127, 1805, 405, 1527, 1893, 1964, -534, -542, -261, 1793, -267, 489, -1225, 516, 1877, -1890, 1777, -1781, 1895, 1390, -665, -1863, 893, -657, 953, 1901, -934, -1656, -905, 499, -1305, 1723, -73, 770, -1360, 435, 1942, -1357, -1318, -1574, 1920, -1847, -1742, 1571, 1629, 865, 1701, 1304, -155, -807, 1694, 568, 1533, 1685, 527, -116, 1837, -1419, -1839, -1958, -473, -1264, -115, 1521, 876, 1986, -286]
[660, 669, 1172, 1260, 501, -1800, -1303, -1743, 208, 1664, 620, 1854, 795, 1131, -1701, 1809, -1028, 1707, 215, -1508, -723, 362, -1149, 646, -1437, -1172, 817, -411, -69, 892, 1944, 1752, 787, -882, -399, 1226, 899, -924, 1086, -417, -655, -400, 1340, 1750, -302, -563, -803, 1521, -1238, 1442, 215, 517, -152, 227, -53, -1945, -612, -1929, -1993, -465, -1850, -1754, 1791, -25, 317, 907, 567, -509, 280, -1013, -336, 658, -1016, -100, 1202, -563, -1273, 854, -548, 1968, 1938, 1204, 50, -1914, 1467, -1074, 88, -937, 1718, -1374, -537, -1206, -277, 143, 27, 1157, 1795, -20, -768, -1228, 1959, 1002, -1720, 814, -526, -1790, -1344, -1599, 832, -561, 1946, 87, -1855, 380, -1513, -1003, -560, -1795, -285, -531, -1133, 263, 1709, -1964, 1948, 214, -649, 214, 1968, 84, 232, 932, -1424, 432, 151, -1340, -52, 1097, 1884, 1383, 1181, -597, 1589, -1462, -1330, 358, -1638, 793, -220, 1817, -188, -583, 653, -45, 210, -1819, 36, 335, 385, -193, 1889, -1765, 1107, -939, 230, -589, -1558, -1539, 826, -1566, -1482, 1183, -937, 1590, 1380, -1479, -271, 349, 1332, -1188, 993, 765, 1258, -1183, -1628, -95, 696, 1852, 76, 410, 643, -1952, -1564, 299, 1870, 1552, -1670, 1250, 815, -283]
algorithm one
Run time is 0.000046 seconds
(3, 47, 100)
(4, 44, 100)
-1
algorithm two
Run time is 0.000067
10814
algorithm three
Run time is 0.000042 seconds
(111, 65, 100)
(170, 94, 100)
-59
0.000401973724365
algorithm four
Run time is 0.000062
-18941
0.000416994094849
[-1709, -1795, 1517, -105, -1208, 1583, 434, -1433, -1599, 433, 1395, -1279, 1682, 1353, -1802, -1240, 1867, -1378, 1852, -266, -1956, 751, -671, -1340, 1567, -1601, 1015, -1528, -408, 1299, 1346, 592, 165, 1010, 1789, 1334, -1001, 970, 123, -325, 894, -248, 14, -265, -751, -1584, 1842, -1694, 1594, 663, 385, -222, 317, -930, -623, 1208, -1483, -1141, -131, 1909, 1569, -1784, 1160, -704, -1344, 7, -422, 104, -1060, -1841, 1767, 1039, -1722, 438, 1030, -443, 433, 1143, 1796, -773, -1922, 1355, 1011, -230, -695, -1820, 1116, 1013, -176, 380, -514, -1154, 1934, 1872, -1713, 636, 1865, -1763, -2, -1435]
[-1332, 791, 955, 829, -67, 1168, 727, -699, -708, -774, -1979, -1649, -1449, 191, 679, -461, 1724, -1579, -1219, -1914, -880, 1185, 894, -1173, 544, -441, 1824, -1504, 1206, 649, 1765, -1097, -1387, -1648, -987, -1834, 1348, -1488, -1660, 1508, 1063, -1422, -1418, 780, -784, 1371, 1964, 985, 1006, -229, -1282, 1779, -1513, -1309, 1221, 1459, -319, -1234, -1854, -960, 8, -333, -1289, 941, 1283, -296, 221, -810, 1955, -346, -1762, -588, 1734, 530, 1028, -1905, 1223, 562, -1288, -686, -422, 1527, -524, 1757, -150, -966, -1055, 1186, 642, -20, -216, 216, -665, 1639, -537, 347, -308, -437, -925, -1576]
[622, 17, 453, 380, -1938, -1171, 1333, -1212, 1597, -1004, -1254, -711, -1934, 1122, -1767, -635, 957, 979, -1682, -137, -797, -126, -68, 655, -433, 223, -243, -1268, 1032, -1107, -1169, -1217, -1093, -284, 681, 742, -1744, -1617, -277, -1481, 504, 1229, -1794, 950, 678, -187, -1203, -1092, -1546, -1434, -481, 279, 312, 526, -320, -639, 576, 742, -1440, -1372, -290, -1672, -198, -1338, -667, -1757, 1435, 1414, -1660, -1336, -641, -1855, -147, 434, -508, -1922, -626, -36, -1834, -1016, -1276, 1532, 1258, -747, -1248, 1537, -2, 1111, 1467, 480, 291, 1902, 199, 925, -1906, 573, -43, 1128, 1710, 1275, 1046, -671, -1079, 1738, 677, -1881, 1875, -576, -1835, 153, 198, -1804, 1878, -367, -1309, -1630, -1632, 515, -501, -1446, 1735, -1535, -583, -601, -238, 1940, 597, 1344, 1250, -671, -186, -908, -33, 136, 956, 1904, -836, -1373, 1219, 383, -389, 1110, 261, 945, 1632, 1426, -1425, -84, 1330, -496, 1564, 160, 1251, 55, 1525, 970, 445, -612, -871, 89, 290, -202, -143, 1243, -733, 1665, 1055, 1274, 647, 1622, 102, -676, -1935, -1228, -718, 1079, 90, 142, 1996, -80, -72, 661, 662, 1640, -179, 207, 81, -1479, -10, 1465, -1745, -1676, 584, 774, -1094, 131, -1085, -1757, -944, 981]
algorithm one
Run time is 0.000042 seconds
(42, 4, 100)
(57, 97, 100)
-15
algorithm two
Run time is 0.000066
17385
algorithm three
Run time is 0.000047 seconds
(52, 93, 100)
(436, 98, 100)
-384
0.000434160232544
algorithm four
Run time is 0.000067
16258
0.000422954559326
[-1352, 1868, -586, 1590, -829, -608, -1722, -1620, 1756, 1529, 703, 1549, -1941, -310, -929, 1456, 1487, -1450, 1918, -564, -1858, -1290, 554, -746, 64, -1321, 1805, -1768, -274, -822, 1820, -1892, 1, 213, 1292, 1887, -1447, -639, -521, 133, 887, 10, -1927, -1831, 795, -1280, 1876, 1159, -186, -1337, 1837, -661, -926, -538, 541, 1482, -187, 425, -1874, -805, -818, -680, -1493, -346, -727, 1297, -1129, 821, 1892, 935, 1290, 864, 1528, 1158, -1656, -385, 46, -893, 99, -121, 847, -952, 1327, -1623, -307, -118, 1518, -1915, 1932, 1133, -1049, 870, -781, 279, 1090, 814, 45, 1450, -933, 1573]
[-1828, -265, 1527, 235, 459, 1515, -1546, 1246, 525, 1245, -29, 278, -927, -1692, -312, 1838, -1665, 1753, -1578, 34, 1409, 662, 875, -1160, 1582, -1380, -1654, 1369, -1691, -1820, 270, 429, 1254, -1763, -1019, -713, -1762, -1621, 215, 1576, -1485, -1549, -253, 263, -1953, 472, 438, -1876, -729, -1790, -1531, 865, 1242, 1741, 381, 587, -1100, 160, -1586, 120, 786, 1850, -620, -749, 1861, -1348, -973, 528, -55, -1210, -497, -362, -145, 1035, -1025, 1242, -1885, -1200, -980, 293, 1905, 1698, -28, -1212, 1323, 671, 310, -989, 1947, 1044, -661, -1443, -507, -1393, -1292, 421, -806, -436, 1587, -1208]
[1237, -1574, -120, -114, 389, 1131, -811, -246, 1282, -1700, -1636, -114, 1947, -1136, -405, 1226, 1916, 703, -629, 1229, -813, 332, -927, -1141, 244, 397, -589, -220, 702, -595, 1384, 843, -632, 1294, 153, -1851, -712, 1304, 435, -615, -1404, -1220, 1456, -267, 24, 693, -1860, -1230, -1362, 1518, -528, 813, 322, 1873, 1195, -1229, -1051, 1209, -1921, 1117, -1022, 1400, -1241, -261, -388, 1797, 1800, 1640, -1554, 1718, -12, -1719, 1493, -1985, -1716, 345, 367, -400, -1585, 1165, -511, 1620, 1180, -223, 1114, -1669, 1816, 224, 1176, -1022, 1472, -526, 269, 444, -1114, 748, 1399, -1600, 965, -894, 1083, -647, 64, -1962, -1587, -556, -326, -1726, 1005, -805, -1512, -1334, -1897, -1890, -1037, 343, 799, -1917, 926, -12, 1295, -736, -144, -1397, 741, -359, -1592, 1534, -534, -1759, 1907, 1597, 1493, 1722, 319, 1001, 269, -776, -355, 1572, 1865, 422, -1940, 417, -1007, 285, -1147, -1476, 555, 409, -57, -337, -1794, -1313, -506, 1158, -1080, 1147, -1572, -1637, -560, 320, 77, -1287, 1362, 858, -1069, 1517, 1743, -844, -569, 193, -295, 872, 1124, -1510, 1482, 1220, -1235, -445, 1174, 1548, -113, -1300, -336, 368, 104, -1253, -551, 434, -1344, -1668, -1406, -1600, 1526, 1690, -291, -851, -503, -1222]
algorithm one
Run time is 0.000044 seconds
(55, 93, 100)
(109, 97, 100)
-54
algorithm two
Run time is 0.000066
5080
algorithm three
Run time is 0.000045 seconds
(36, 34, 100)
(312, 1, 100)
-276
0.000407934188843
algorithm four
Run time is 0.000066
-6274
0.000420093536377
[-988, -572, 474, -696, -811, -1736, -1220, 355, 1865, -830, -1442, -326, 1682, -1629, 1324, 427, -1614, 99, 934, -398, -1881, 669, -1652, -1802, 628, -92, -915, -1964, 550, 1903, -1890, -454, -1913, 672, -62, -960, 1098, -285, 1804, -1277, -1367, -235, 1873, -1321, -1981, 551, 1835, -678, -1015, 1093, 1241, -1296, -1913, 1202, 821, -538, 304, -161, -1300, -1906, 935, -1391, -177, 1879, 875, -1224, -1338, 931, -1183, -511, 1604, -881, 1014, -1109, 301, -1800, -270, -1354, -10, 791, 406, -1389, 1215, -20, -878, -1874, 1022, 801, -1802, 1687, 1094, -1467, -1095, -120, 1271, -678, -915, 1957, -1120, -450]
[1127, -232, 1267, 298, 1088, 1762, 1357, -1653, 515, 462, 712, 148, 1815, 1419, -352, -1359, -126, -538, -545, -1288, -1811, 912, -1480, -160, -1420, -464, -1219, 1243, -1773, 894, -1036, 1420, -1698, 1559, -1666, -746, 517, -1589, -1029, 957, 303, -1291, -1124, 805, 968, -1785, 90, 1290, -1824, -692, -1557, 1153, 513, -1158, 1515, 960, 455, 382, 970, 704, 641, -1110, -8, 1030, 11, -1513, -254, 1600, 941, -1866, -1649, -1641, -1355, -1221, -827, -1973, 1251, -349, -408, -1395, -113, -1222, -1004, 268, -103, 1575, -433, -806, -1207, -1578, -1487, -451, -52, -1674, 1165, -60, 1437, 961, 906, -1976]
[335, 1549, 431, -630, 1756, -257, -496, 804, 823, -1888, -1848, 1747, 1672, -278, 1486, 472, 300, 1292, -472, -170, -182, 1738, 136, 942, -1707, 189, 63, 980, 874, 313, 946, -475, 454, 643, -939, -1793, 1808, -1380, -171, -388, -506, -746, 1007, -406, -1705, -663, 1180, 902, 1265, -183, -693, 935, 1986, 1047, 913, -1126, -1404, 1165, -677, 1052, -1036, 279, 1637, -878, -1477, 1713, 1878, 664, 55, -260, 278, -1764, -1588, 1471, -1891, 570, -1943, -98, 715, 1047, 1100, -1309, 1867, 419, 866, 1994, 525, 417, 1939, -1057, -1582, 305, -682, 1287, -1837, -853, -521, -4, -1065, -1625, -839, -439, 1694, 1312, 1769, -1253, 1401, 1439, -994, 1412, 425, -1450, 1237, 1287, -684, 388, 1188, 888, -1735, -565, -90, -1728, 1977, 1041, 609, -1332, 810, -1268, 1464, 1534, 302, 236, 1702, -956, 910, -1603, 702, 339, -1021, -11, 1142, -511, -414, -268, -466, 1817, -1379, 82, -982, -236, 904, -1008, 1484, 1159, 83, -615, 1658, -676, 740, -1018, 133, -288, -1245, -664, -1941, -2000, -1979, 352, -1659, 1715, 1297, -428, -570, 69, 505, -1797, -1473, -1020, -1961, 1695, -1350, 1547, 625, 932, -1504, 1830, -109, -1047, 574, -768, 1962, 599, -961, -674, 773, 1441, -460, -1542, -1891, -859]
algorithm one
Run time is 0.000043 seconds
(24, 63, 100)
(115, 95, 100)
-91
algorithm two
Run time is 0.000065
316
algorithm three
Run time is 0.000043 seconds
(48, 94, 100)
(77, 82, 100)
-29
0.000405073165894
algorithm four
Run time is 0.000065
-8632
0.000438928604126
[964, 679, 271, -550, 619, 302, 1828, 403, -1308, -214, -913, 1011, -725, -477, -312, 520, 1168, -921, 642, 1737, 1545, -595, 1742, -1401, -695, 1760, 678, -1527, -1237, 120, 1148, -984, 360, -147, 327, 1330, -604, -634, -395, -1363, -436, 1148, -1825, -440, -1288, 768, 599, -1747, -544, 563, -338, 326, -134, 1436, 893, -529, -1422, 1054, -1442, 281, 642, -1726, -373, 920, 5, -1074, -1602, -1019, -797, -1256, 1466, 353, -1357, -1771, 578, 1318, -777, 798, -899, 975, 581, 1640, -1128, -1949, 1499, -633, 1574, 1897, -1387, 1966, -758, -1271, 1558, -71, 959, -683, 1437, 975, -1535, -508]
[-1467, -101, 1438, 588, -43, -1713, 830, 1183, 107, -1957, 234, -91, -936, -804, 1110, -1351, -386, -360, 115, -1969, 138, -1544, 1708, 1601, 1356, -469, -1936, -421, -629, -817, 1992, -1334, 170, -1275, -1036, -1581, 639, -1747, -11, -1849, -1348, -1757, -1850, -40, -1930, 713, -123, -359, -1219, 1763, 843, 1929, 649, -6, 1097, -1556, -1416, -302, 128, 454, -1589, 12, -108, -154, 1897, 1458, 1727, 756, 1797, 635, 778, 870, 1679, 1465, 1275, -658, 869, -189, -927, 267, -89, -1182, 728, -1660, 91, -164, -1389, 177, 595, 98, -286, 1594, 1170, -505, -1585, -510, 11, -86, 1117, -647]
[782, 1419, -5, 335, 112, -1299, 68, 318, -1929, -1225, 878, -1589, -511, -161, -1347, 406, -1329, -1941, -1067, -1129, -588, -1072, 1702, -96, 1969, 1786, -843, 537, -38, -244, 651, -1434, -1103, -834, 522, -1384, -380, -939, 63, -209, -1385, 603, -1898, 1075, -605, -1584, 1734, -1096, 1732, -454, -1055, 1722, -1530, -420, -884, -111, 336, -1180, -1699, -433, -1522, 1870, 1492, 881, -1485, -447, 1270, -653, 632, -1959, 460, -1435, -445, 1575, 746, 28, 102, 1710, -1394, -1578, 1653, -1591, 1231, -93, -1130, 1730, -1013, 1289, -550, 1639, 190, -1015, 397, -220, -56, -1018, 761, -1131, 1377, 115, -748, 840, -660, 385, -297, -186, -408, 1715, -283, -1497, 1278, 420, 502, 1737, -1489, -570, -1220, 558, -1009, -91, 532, 1285, 1429, 152, 504, -1733, 1337, -1169, -1451, -438, -1461, -1055, -478, 576, 543, 450, -1452, 776, -746, -478, 603, 808, 1470, -542, 1224, 160, -789, -1340, -738, -1096, -1275, -798, -1510, 305, -1436, -1024, 814, -654, 506, 1710, 23, 1015, -1741, 1938, -792, 1374, 95, -1772, 1640, 891, 999, -1455, 1325, -857, 1083, -1049, -1262, -1064, -1207, 799, 979, 990, 1955, -641, -970, 1446, 405, 447, -1605, -103, 369, -297, -677, -1716, 609, -734, -1150, 1088, 1146, -1729]
algorithm one
Run time is 0.000042 seconds
(8, 89, 100)
(33, 95, 100)
-25
algorithm two
Run time is 0.000066
-9237
algorithm three
Run time is 0.000045 seconds
(240, 46, 100)
(58, 26, 100)
182
0.00040602684021
algorithm four
Run time is 0.000066
13116
0.000420093536377
[-1025, 1176, -269, -1003, -161, -495, -1542, 1036, 1546, -400, -1938, 1702, 743, 153, 594, 410, -1429, 353, 1197, -1434, -433, -376, 1636, 1397, 477, -1499, 624, -1045, -1050, 6, -1873, -1531, -257, -307, -242, -15, -396, 465, 1768, -1851, -1674, 503, 391, -663, -611, 1620, -560, -741, -506, 752, -357, 1411, -337, -1276, 1963, -587, 306, -97, 550, -917, -1144, 808, 1147, 1786, 795, 1554, -851, 453, -857, -56, -932, -1917, -850, 564, 729, 1477, -311, -1482, 102, -516, -1256, -517, -1228, -1536, -1305, -477, -358, -775, -1594, 627, 1189, 795, 929, -912, -880, 1607, -115, -336, -1346, -1550]
[-1037, 887, -212, -1996, 942, -177, -1294, -1579, 1511, -26, 981, -844, 1380, 1618, 1229, 475, 230, -1487, -1799, 436, 1312, 1245, 1956, -1413, 1001, -788, -576, -323, 387, -117, -29, 119, 275, -150, 735, 348, -463, 365, 374, 1452, -181, 1171, 1135, 1089, 401, 1755, -277, -19, 957, -83, 741, -570, 1875, -1240, -770, 1088, -1347, -680, -1338, 1580, 226, 1063, -1376, 1609, -1570, -848, -1838, -700, -1526, -1992, -599, 1541, -1330, 1653, -1688, 63, -1483, 29, 174, 1601, 910, -1055, 1772, 952, 1797, -1496, -1696, 213, -759, 1962, -73, -1362, 535, 807, -111, 1512, 1390, -1438, -1980, 483]
[-10, 1497, 1383, 936, 1354, 72, -1240, 1164, 944, -645, 803, 1621, 1260, 1699, -211, -1689, -1019, 1439, -357, 1766, 330, -1921, -262, -1525, -1249, -612, 464, 977, -1086, 124, -1020, 1807, 248, -1835, -1716, 174, -460, 901, -1187, 1215, 1851, 1044, -566, 1466, 1086, 917, -1876, -215, 751, -178, -1553, 94, -1900, 273, -818, 1119, -262, -1826, -1029, 533, 739, 539, 280, 1762, 189, 1021, 495, -157, -1067, -426, -1972, -1896, 1047, -737, -183, 1800, -176, -1476, -412, 403, 1396, 1262, 482, -755, 1636, 445, 1452, 1878, -666, 74, -865, -271, -219, 1671, -1331, 1939, -452, -200, -1834, 1232, 1583, 1623, 579, 442, -997, 1645, -704, 1005, 763, -1912, -1196, 465, -1018, -964, 234, -298, -1020, -1057, -679, -889, 399, 1256, 1263, -1010, 71, -1494, -1966, -203, -968, -1330, 695, -1185, -498, -1538, 1330, 1964, 1723, 2, 153, -526, 1237, -1513, -495, 335, 714, -1947, 755, -948, -295, 1666, -887, -1358, -1174, -1172, -1785, -1298, -669, -1430, 1013, 1449, 166, 1694, -411, 1183, 1812, -29, 329, 49, 974, 1228, 1898, 1487, 647, 1090, -1669, 1222, -687, 1572, 1237, 1176, 1055, -959, 1231, 1, 518, 836, 988, -1696, 996, 388, 75, -316, 1236, -757, 21, 1235, 795, 1026, 1919, -988]
